0 1 4
1 0 4
0 2 7
2 0 7
0 3 2
3 0 2
1 4 3
4 1 3
1 5 8
5 1 8
1 6 1
6 1 1
2 7 5
7 2 5
2 8 9
8 2 9
2 9 2
9 2 2
3 10 6
10 3 6
3 11 3
11 3 3
3 12 5
12 3 5
4 13 2
13 4 2
4 14 7
14 4 7
4 15 4
15 4 4
5 16 3
16 5 3
5 17 6
17 5 6
5 18 2
18 5 2
6 19 5
19 6 5
6 20 9
20 6 9
6 21 1
21 6 1
7 22 4
22 7 4
7 23 8
23 7 8
7 24 3
24 7 3
8 25 7
25 8 7
8 26 5
26 8 5
8 27 2
27 8 2
9 28 6
28 9 6
9 29 4
29 9 4
9 30 3
30 9 3
10 31 1
31 10 1
10 32 5
32 10 5
10 33 7
33 10 7
11 34 3
34 11 3
11 35 8
35 11 8
11 0 4
0 11 4